# time_ns temp_K pressure_bar volume_A3 kinetic potential total
0.000000000000000000e+00 2.924275000000000091e+02 -2.460195999999999970e+02 2.669124030999999959e+05 1.811840690000000177e+04 -4.522444460000000254e+04 -2.710603770000000077e+04
2.000000000000000042e-02 2.906485000000000127e+02 -5.730357000000000198e+02 2.649431324000000022e+05 1.800818309999999838e+04 -4.647414480000000185e+04 -2.846596180000000095e+04
4.000000000000000083e-02 2.905668000000000006e+02 -3.998396000000000186e+02 2.647658086999999941e+05 1.800311750000000029e+04 -4.676873139999999694e+04 -2.876561390000000029e+04
5.999999999999999778e-02 2.882309999999999945e+02 3.408700999999999794e+02 2.632131259999999893e+05 1.785839779999999882e+04 -4.675608140000000276e+04 -2.889768370000000141e+04
8.000000000000000167e-02 2.887839000000000169e+02 1.771050999999999931e+02 2.640806394999999902e+05 1.789265320000000065e+04 -4.661824180000000342e+04 -2.872558859999999913e+04
9.999999999999999167e-02 2.913073999999999728e+02 2.852112999999999943e+02 2.641684549000000115e+05 1.804900939999999900e+04 -4.661534100000000035e+04 -2.856633160000000134e+04
1.199999999999999956e-01 2.899476999999999975e+02 -2.307167000000000030e+02 2.652439514000000199e+05 1.796476250000000073e+04 -4.648485650000000169e+04 -2.852009389999999985e+04
1.399999999999999856e-01 2.875928000000000111e+02 -1.629950000000000045e+02 2.651660463999999920e+05 1.781885640000000058e+04 -4.672777189999999973e+04 -2.890891549999999916e+04
1.600000000000000033e-01 2.935222999999999729e+02 6.896309999999999718e+01 2.637989931000000215e+05 1.818623909999999887e+04 -4.676164469999999710e+04 -2.857540559999999823e+04
1.799999999999999933e-01 2.919062000000000126e+02 1.253520000000000039e+02 2.643331644000000088e+05 1.808611059999999998e+04 -4.677230170000000362e+04 -2.868619110000000001e+04
1.999999999999999833e-01 2.897690000000000055e+02 -2.693231999999999857e+02 2.644741889000000083e+05 1.795368730000000141e+04 -4.657459619999999995e+04 -2.862090899999999965e+04
2.200000000000000011e-01 2.883596999999999753e+02 -4.930344999999999800e+02 2.638024605999999912e+05 1.786637150000000111e+04 -4.696852780000000348e+04 -2.910215629999999874e+04
2.399999999999999911e-01 2.872792000000000030e+02 -1.874095000000000084e+02 2.641764934999999823e+05 1.779942640000000029e+04 -4.684331319999999687e+04 -2.904388669999999911e+04
2.600000000000000089e-01 2.927208999999999719e+02 2.217400000000000091e+02 2.641685313999999780e+05 1.813658850000000166e+04 -4.690689839999999822e+04 -2.877030990000000020e+04
2.799999999999999711e-01 2.883600000000000136e+02 -2.795156999999999812e+02 2.638092701000000234e+05 1.786638839999999982e+04 -4.666472430000000168e+04 -2.879833589999999822e+04
2.999999999999999889e-01 2.897876999999999725e+02 2.707413000000000238e+02 2.629196723999999813e+05 1.795484979999999996e+04 -4.705007160000000295e+04 -2.909522179999999935e+04
3.200000000000000067e-01 2.886881999999999948e+02 1.664704999999999870e+02 2.643126748999999836e+05 1.788672220000000016e+04 -4.663170910000000003e+04 -2.874498679999999877e+04
3.399999999999999689e-01 2.911408999999999878e+02 -1.648028999999999940e+02 2.641643155999999726e+05 1.803869340000000011e+04 -4.679004450000000361e+04 -2.875135109999999986e+04
3.599999999999999867e-01 2.898811000000000035e+02 -5.812800000000000189e+00 2.636783199000000022e+05 1.796063720000000103e+04 -4.674280539999999746e+04 -2.878216820000000007e+04
3.800000000000000044e-01 2.893224999999999909e+02 7.975316000000000258e+02 2.639998699999999953e+05 1.792602730000000156e+04 -4.665855260000000271e+04 -2.873252530000000115e+04
3.999999999999999667e-01 2.909870000000000232e+02 -1.023247000000000071e+02 2.631521365000000224e+05 1.802915669999999955e+04 -4.688644810000000143e+04 -2.885729139999999825e+04
4.199999999999999845e-01 2.896981999999999857e+02 -1.312923000000000116e+02 2.645915324999999721e+05 1.794930159999999887e+04 -4.682449079999999958e+04 -2.887518920000000071e+04
4.400000000000000022e-01 2.911750000000000114e+02 8.745189999999999486e+01 2.656661646000000183e+05 1.804080380000000150e+04 -4.668550860000000102e+04 -2.864470479999999952e+04
4.599999999999999645e-01 2.873980000000000246e+02 8.811790000000000589e+01 2.639237774000000209e+05 1.780678429999999935e+04 -4.669568420000000333e+04 -2.888889990000000034e+04
4.799999999999999822e-01 2.893450000000000273e+02 1.863354999999999961e+02 2.645031074999999837e+05 1.792742009999999937e+04 -4.662085130000000208e+04 -2.869343119999999908e+04
5.000000000000000000e-01 2.921478999999999928e+02 -4.230858999999999810e+02 2.651362873999999720e+05 1.810108559999999852e+04 -4.665644789999999921e+04 -2.855536230000000069e+04
5.200000000000000178e-01 2.887241000000000213e+02 -4.326657000000000153e+02 2.641319101999999839e+05 1.788895140000000174e+04 -4.670353990000000340e+04 -2.881458840000000055e+04
5.399999999999999245e-01 2.919218000000000188e+02 1.683363999999999976e+02 2.641608930999999866e+05 1.808707170000000042e+04 -4.685813190000000031e+04 -2.877106019999999990e+04
5.599999999999999423e-01 2.912382000000000062e+02 -6.042532999999999674e+02 2.648570018000000273e+05 1.804471819999999934e+04 -4.682149799999999959e+04 -2.877677980000000025e+04
5.799999999999999600e-01 2.879739999999999895e+02 3.570661999999999807e+02 2.642969818000000087e+05 1.784247590000000127e+04 -4.660268499999999767e+04 -2.876020920000000115e+04
5.999999999999999778e-01 2.887739000000000260e+02 -3.464230000000000018e+02 2.647602728999999817e+05 1.789203450000000157e+04 -4.697713390000000072e+04 -2.908509939999999915e+04
6.199999999999999956e-01 2.893125999999999749e+02 -2.137855000000000132e+02 2.631708018000000156e+05 1.792541059999999925e+04 -4.665435310000000027e+04 -2.872894250000000102e+04
6.400000000000000133e-01 2.918435999999999808e+02 -1.034763999999999982e+02 2.643380656999999774e+05 1.808223050000000148e+04 -4.692281429999999818e+04 -2.884058380000000034e+04
6.599999999999999201e-01 2.871700999999999908e+02 -1.373882999999999868e+02 2.636971700999999885e+05 1.779266779999999926e+04 -4.666015129999999772e+04 -2.886748349999999846e+04
6.799999999999999378e-01 2.909721999999999866e+02 2.476210000000000022e+01 2.631969944999999716e+05 1.802824100000000180e+04 -4.654543490000000020e+04 -2.851719399999999951e+04
6.999999999999999556e-01 2.915138999999999783e+02 1.222653999999999996e+02 2.642987620999999926e+05 1.806180050000000119e+04 -4.676839170000000013e+04 -2.870659119999999893e+04
7.199999999999999734e-01 2.904556999999999789e+02 -1.287609999999999921e+01 2.631396339000000153e+05 1.799623670000000129e+04 -4.682605640000000130e+04 -2.882981959999999890e+04
7.399999999999999911e-01 2.910500000000000114e+02 4.783552999999999997e+02 2.633224590999999782e+05 1.803305770000000120e+04 -4.694216670000000158e+04 -2.890910900000000038e+04
7.600000000000000089e-01 2.885240999999999758e+02 2.136908999999999992e+02 2.636110533999999752e+05 1.787656000000000131e+04 -4.665461260000000038e+04 -2.877805259999999907e+04
7.799999999999999156e-01 2.911976000000000226e+02 5.410895000000000437e+02 2.628500050000000047e+05 1.804220550000000003e+04 -4.689986159999999654e+04 -2.885765610000000015e+04
7.999999999999999334e-01 2.897445000000000164e+02 -1.568190000000000062e+01 2.644059218000000110e+05 1.795217410000000018e+04 -4.664651849999999831e+04 -2.869434440000000177e+04
8.199999999999999512e-01 2.905230000000000246e+02 1.487786000000000115e+02 2.632765677000000142e+05 1.800040559999999823e+04 -4.688907779999999912e+04 -2.888867220000000088e+04
8.399999999999999689e-01 2.896193999999999846e+02 2.402710000000000079e+01 2.641961128000000026e+05 1.794441920000000027e+04 -4.673716219999999885e+04 -2.879274299999999857e+04
8.599999999999999867e-01 2.869855999999999767e+02 6.572480000000000189e+01 2.648301819000000251e+05 1.778123280000000159e+04 -4.664046300000000338e+04 -2.885923029999999926e+04
8.800000000000000044e-01 2.907513999999999896e+02 -1.515334000000000003e+02 2.646826415000000270e+05 1.801456049999999959e+04 -4.666206689999999799e+04 -2.864750639999999839e+04
8.999999999999999112e-01 2.878077999999999861e+02 1.041739000000000033e+02 2.640339903000000049e+05 1.783217459999999846e+04 -4.679628809999999794e+04 -2.896411349999999948e+04
9.199999999999999289e-01 2.890722000000000094e+02 -4.430473999999999819e+02 2.650244064999999828e+05 1.791051780000000144e+04 -4.650078139999999985e+04 -2.859026369999999952e+04
9.399999999999999467e-01 2.894689000000000192e+02 -6.404678999999999860e+02 2.646041114999999991e+05 1.793509430000000066e+04 -4.667927640000000247e+04 -2.874418210000000181e+04
9.599999999999999645e-01 2.896720000000000255e+02 -5.011827000000000112e+02 2.639734835999999777e+05 1.794767699999999968e+04 -4.674254649999999674e+04 -2.879486950000000070e+04
9.799999999999999822e-01 2.882758000000000038e+02 -8.311740000000000350e+01 2.642062997999999789e+05 1.786117209999999977e+04 -4.677276890000000276e+04 -2.891159679999999935e+04
1.000000000000000000e+00 2.934171000000000049e+02 -9.765890000000000271e+01 2.639460851000000257e+05 1.817972169999999824e+04 -4.685732820000000356e+04 -2.867760650000000169e+04
1.020000000000000018e+00 2.896752000000000180e+02 -4.401749999999999829e+01 2.648149459999999963e+05 1.794787889999999970e+04 -4.659030870000000141e+04 -2.864242980000000171e+04
1.040000000000000036e+00 2.883777999999999793e+02 -4.121616999999999962e+02 2.651572370000000228e+05 1.786749039999999877e+04 -4.671937460000000283e+04 -2.885188420000000042e+04
1.060000000000000053e+00 2.911487999999999943e+02 -4.932549999999999812e+01 2.642000331000000006e+05 1.803918089999999938e+04 -4.678201099999999860e+04 -2.874283009999999922e+04
1.079999999999999849e+00 2.928050000000000068e+02 -1.937246000000000095e+02 2.640110899000000209e+05 1.814179829999999856e+04 -4.691818480000000272e+04 -2.877638650000000052e+04
1.099999999999999867e+00 2.899402999999999793e+02 -2.118581000000000074e+02 2.645231395999999950e+05 1.796430570000000080e+04 -4.652174410000000353e+04 -2.855743839999999909e+04
1.119999999999999885e+00 2.933473999999999933e+02 -3.823355999999999995e+02 2.641528538999999873e+05 1.817540230000000156e+04 -4.653777590000000055e+04 -2.836237359999999899e+04
1.139999999999999902e+00 2.936947000000000116e+02 -3.731843000000000075e+02 2.652871031000000075e+05 1.819692050000000017e+04 -4.669384229999999661e+04 -2.849692180000000008e+04
1.159999999999999920e+00 2.916469999999999914e+02 -9.077859999999999729e+01 2.645751389000000199e+05 1.807004690000000119e+04 -4.678772340000000258e+04 -2.871767640000000029e+04
1.179999999999999938e+00 2.887123000000000275e+02 -7.079900000000000304e+00 2.642584479000000283e+05 1.788821779999999853e+04 -4.668505670000000100e+04 -2.879683880000000136e+04
1.199999999999999956e+00 2.916277999999999793e+02 1.446031999999999869e+02 2.652555800000000163e+05 1.806885640000000058e+04 -4.642311970000000292e+04 -2.835426329999999871e+04
1.219999999999999973e+00 2.894350000000000023e+02 9.294100000000000250e+01 2.640682926999999909e+05 1.793299859999999899e+04 -4.697348920000000362e+04 -2.904049060000000100e+04
1.239999999999999991e+00 2.919913000000000238e+02 -1.129057999999999993e+02 2.637906731000000145e+05 1.809137989999999991e+04 -4.688409010000000126e+04 -2.879271029999999882e+04
1.260000000000000009e+00 2.886856000000000222e+02 -2.738346000000000231e+02 2.642534109000000171e+05 1.788656169999999838e+04 -4.669793280000000232e+04 -2.881137099999999919e+04
1.280000000000000027e+00 2.882203999999999837e+02 6.868299999999999628e+00 2.651658941999999806e+05 1.785773779999999897e+04 -4.666158840000000055e+04 -2.880385060000000158e+04
1.300000000000000044e+00 2.897133000000000038e+02 2.944800000000000182e+02 2.645845290999999852e+05 1.795023700000000099e+04 -4.647684440000000177e+04 -2.852660740000000078e+04
1.319999999999999840e+00 2.923978000000000179e+02 2.456413000000000011e+02 2.636622682999999961e+05 1.811656560000000172e+04 -4.681043319999999949e+04 -2.869386769999999888e+04
1.339999999999999858e+00 2.903165999999999940e+02 -1.569909999999999961e+01 2.648126608000000124e+05 1.798762090000000171e+04 -4.678717790000000241e+04 -2.879955700000000070e+04
1.359999999999999876e+00 2.884520999999999731e+02 -2.245472000000000037e+02 2.643271272999999928e+05 1.787209709999999905e+04 -4.651076329999999871e+04 -2.863866619999999966e+04
1.379999999999999893e+00 2.900670000000000073e+02 -1.891329000000000065e+02 2.637075476999999955e+05 1.797215069999999832e+04 -4.676725989999999729e+04 -2.879510910000000149e+04
1.399999999999999911e+00 2.893985000000000127e+02 -3.446639999999999873e+02 2.634806552999999840e+05 1.793073540000000139e+04 -4.652587490000000253e+04 -2.859513950000000114e+04
1.419999999999999929e+00 2.890543000000000120e+02 4.331969999999999743e+01 2.643311618000000017e+05 1.790940550000000076e+04 -4.669576720000000205e+04 -2.878636170000000129e+04
1.439999999999999947e+00 2.884254000000000246e+02 1.137322000000000060e+02 2.627844625000000233e+05 1.787044060000000172e+04 -4.719430460000000312e+04 -2.932386400000000140e+04
1.459999999999999964e+00 2.877402000000000157e+02 -5.058200000000000074e+01 2.641531866000000155e+05 1.782798800000000119e+04 -4.687184389999999985e+04 -2.904385589999999866e+04
1.479999999999999982e+00 2.891634000000000242e+02 -2.250012000000000114e+02 2.639894927000000025e+05 1.791616470000000118e+04 -4.688958699999999953e+04 -2.897342229999999836e+04
1.500000000000000000e+00 2.881177999999999884e+02 1.671094999999999970e+02 2.632994322999999858e+05 1.785138179999999920e+04 -4.675481199999999808e+04 -2.890343019999999888e+04
1.520000000000000018e+00 2.894671999999999912e+02 3.406078999999999724e+02 2.633132909000000218e+05 1.793499009999999907e+04 -4.683145330000000104e+04 -2.889646319999999832e+04
1.540000000000000036e+00 2.886802000000000135e+02 -4.014509999999999934e+01 2.638033139000000083e+05 1.788622669999999925e+04 -4.680798189999999886e+04 -2.892175519999999960e+04
1.559999999999999831e+00 2.875971999999999866e+02 -3.490697999999999865e+02 2.632974740999999922e+05 1.781912759999999980e+04 -4.679579639999999927e+04 -2.897666879999999946e+04
1.579999999999999849e+00 2.905036000000000058e+02 -1.972820000000000107e+02 2.639627758000000031e+05 1.799920760000000155e+04 -4.666809520000000339e+04 -2.866888759999999820e+04
1.599999999999999867e+00 2.897941000000000145e+02 -1.188359999999999950e+01 2.646418818999999785e+05 1.795524729999999909e+04 -4.666059309999999823e+04 -2.870534570000000167e+04
1.619999999999999885e+00 2.897370999999999981e+02 3.789033000000000015e+02 2.622720852999999770e+05 1.795171270000000004e+04 -4.670647069999999803e+04 -2.875475800000000163e+04
1.639999999999999902e+00 2.894270999999999958e+02 2.466270000000000095e+02 2.630719560000000056e+05 1.793250769999999829e+04 -4.675668379999999888e+04 -2.882417610000000059e+04
1.659999999999999920e+00 2.871766000000000076e+02 -9.285030000000000427e+01 2.649867187999999733e+05 1.779306810000000041e+04 -4.673038190000000031e+04 -2.893731379999999990e+04
1.679999999999999938e+00 2.922271000000000072e+02 1.285100999999999942e+02 2.647484540999999736e+05 1.810598839999999836e+04 -4.683059689999999682e+04 -2.872460840000000098e+04
1.699999999999999956e+00 2.926302999999999770e+02 -1.135367999999999995e+02 2.645884906000000192e+05 1.813097450000000026e+04 -4.683661520000000019e+04 -2.870564069999999992e+04
1.719999999999999973e+00 2.884671999999999912e+02 2.390749999999999886e+02 2.640553800000000047e+05 1.787303419999999824e+04 -4.673811230000000069e+04 -2.886507809999999881e+04
1.739999999999999991e+00 2.894166000000000167e+02 -9.097520000000000095e+01 2.647753356999999960e+05 1.793185740000000078e+04 -4.656776559999999881e+04 -2.863590820000000167e+04
1.760000000000000009e+00 2.878430999999999926e+02 -8.930799999999999628e+00 2.648633134999999893e+05 1.783436460000000079e+04 -4.669020840000000317e+04 -2.885584379999999874e+04
1.780000000000000027e+00 2.879282999999999788e+02 1.579746000000000095e+02 2.641784459999999963e+05 1.783964310000000114e+04 -4.671563410000000295e+04 -2.887599109999999928e+04
1.799999999999999822e+00 2.893111000000000104e+02 7.954760000000000275e+01 2.648188844999999856e+05 1.792531699999999910e+04 -4.678669550000000163e+04 -2.886137849999999889e+04
1.819999999999999840e+00 2.886614999999999895e+02 -1.471742999999999881e+02 2.642540471000000252e+05 1.788507050000000163e+04 -4.683439459999999963e+04 -2.894932410000000164e+04
1.839999999999999858e+00 2.891754999999999995e+02 1.117869999999999919e+01 2.644770065000000177e+05 1.791691679999999906e+04 -4.668652700000000186e+04 -2.876961019999999917e+04
1.859999999999999876e+00 2.875201999999999884e+02 2.225620999999999867e+02 2.637217088000000222e+05 1.781436019999999917e+04 -4.677893490000000020e+04 -2.896457470000000103e+04
1.879999999999999893e+00 2.893113000000000170e+02 1.204286000000000030e+02 2.639236437000000151e+05 1.792533290000000125e+04 -4.669760289999999804e+04 -2.877227000000000044e+04
1.899999999999999911e+00 2.895928999999999860e+02 1.920534000000000106e+02 2.646656486000000150e+05 1.794277899999999863e+04 -4.676981289999999717e+04 -2.882703389999999854e+04
1.919999999999999929e+00 2.879631999999999721e+02 -1.746718999999999937e+02 2.645629229000000050e+05 1.784180740000000151e+04 -4.664050340000000142e+04 -2.879869599999999991e+04
1.939999999999999947e+00 2.908097999999999956e+02 -2.478877999999999986e+02 2.648002001000000164e+05 1.801817529999999897e+04 -4.663971360000000277e+04 -2.862153830000000016e+04
1.959999999999999964e+00 2.877219999999999800e+02 -6.765086999999999762e+02 2.647211599999999744e+05 1.782686170000000129e+04 -4.671003319999999803e+04 -2.888317150000000038e+04
1.979999999999999982e+00 2.904307999999999765e+02 -1.762270000000000039e+02 2.633456969999999856e+05 1.799469659999999931e+04 -4.692478970000000118e+04 -2.893009309999999823e+04
2.000000000000000000e+00 2.900124000000000137e+02 9.454879999999999995e+01 2.633974553999999771e+05 1.796876959999999963e+04 -4.678169870000000083e+04 -2.881292910000000120e+04
